6.4586135  7.1057039  3.5499595 10.4233439  7.1591814  7.3240942  9.6315490  6.4168918  5.7706196  7.3189724
6.5378824  8.0404748  8.9239835  4.8520869  3.7326509  7.3355422  3.4198508  7.4305263  6.5207695  8.6171639
4.2331662 10.0267513  7.6053525  6.5399949 10.5189874  5.9705425  4.7033021  4.6737765  8.9819467  7.6965439
8.2990414  3.5656875  7.3925402  5.7232529  6.0540036  6.6780685  3.9999657  9.4008513  5.4765637  6.8189333
9.9005134  5.1624387  6.5281772  6.1551342  2.2599267  4.1510812  3.0195388  4.0226213  5.0088819  9.2391268
3.5560546  7.3084541  3.8397194  6.8325597  5.6365144  7.2898240 10.5382769  9.0477544  9.5456225  7.5535162
7.7646459  4.8588699  6.8080031  7.7897287  5.9132059  5.3293536  7.9019606  6.3859222  6.6994549  8.0958761
7.0219142  7.3994736  7.8641223  5.4108584  4.9717501  5.6909334  5.8988852  7.3734090  9.9752732  9.7643548
8.5721657  9.3242602  9.8553811  6.8956970  6.1263694  7.1130695  7.4843663  6.3246088  6.3174142  9.3425294
5.0015383  5.4782799  5.958946.4586135  7.1057039  3.5499595 10.4233439  7.1591814  7.3240942  9.6315490  6.4168918  5.7706196  7.3189724
6.5378824  8.0404748  8.9239835  4.8520869  3.7326509  7.3355422  3.4198508  7.4305263  6.5207695  8.6171639
4.2331662 10.0267513  7.6053525  6.5399949 10.5189874  5.9705425  4.7033021  4.6737765  8.9819467  7.6965439
8.2990414  3.5656875  7.3925402  5.7232529  6.0540036  6.6780685  3.9999657  9.4008513  5.4765637  6.8189333
9